ano 	mes	   co2 
1958	1	314
1958	2	314
1958	3	314,44
1958	4	315,16
1958	5	314,71
1958	6	315,14
1958	7	315,19
1958	8	316,19
1958	9	316,08
1958	10	315,4
1958	11	315,2
1958	12	315,43
1959	1	315,54
1959	2	315,86
1959	3	315,38
1959	4	315,42
1959	5	315,49
1959	6	316,03
1959	7	315,86
1959	8	316,06
1959	9	316,73
1959	10	316,33
1959	11	316,68
1959	12	316,35
1960	1	316,39
1960	2	316,35
1960	3	316,28
1960	4	316,7
1960	5	317,22
1960	6	317,48
1960	7	317,52
1960	8	317,2
1960	9	317,08
1960	10	316,83
1960	11	316,88
1960	12	316,96
1961	1	316,85
1961	2	317,07
1961	3	317,26
1961	4	317,16
1961	5	317,76
1961	6	317,63
1961	7	317,88
1961	8	318,06
1961	9	317,9
1961	10	318,32
1961	11	317,99
1961	12	317,78
1962	1	317,9
1962	2	317,92
1962	3	318,4
1962	4	318,24
1962	5	318,18
1962	6	318,47
1962	7	318,93
1962	8	318,68
1962	9	319,17
1962	10	318,44
1962	11	318,58
1962	12	318,47
1963	1	318,7
1963	2	318,43
1963	3	318,57
1963	4	319,05
1963	5	319,4
1963	6	319,33
1963	7	319,06
1963	8	319,05
1963	9	319,14
1963	10	319,02
1963	11	318,97
1963	12	319,13
1964	1	319,53
1964	2	319,36
1964	3	319,4
1964	4	319,45
1964	5	319,4
1964	6	319,75
1964	7	319,78
1964	8	320,01
1964	9	319,66
1964	10	319,91
1964	11	319,58
1964	12	319,49
1965	1	319,4
1965	2	319,81
1965	3	319,59
1965	4	319,78
1965	5	319,3
1965	6	319,7
1965	7	320,52
1965	8	320,16
1965	9	320,77
1965	10	320,36
1965	11	320,78
1965	12	320,2
1966	1	320,58
1966	2	320,95
1966	3	321,09
1966	4	321,34
1966	5	321,2
1966	6	321,57
1966	7	321,69
1966	8	321,66
1966	9	321,6
1966	10	321,17
1966	11	321,7
1966	12	321,81
1967	1	322,29
1967	2	321,85
1967	3	321,73
1967	4	322,05
1967	5	322,11
1967	6	321,91
1967	7	321,85
1967	8	322,22
1967	9	322,23
1967	10	322,47
1967	11	322,65
1967	12	322,74
1968	1	322,53
1968	2	322,5
1968	3	322,55
1968	4	322,62
1968	5	322,68
1968	6	323,19
1968	7	323,47
1968	8	323,44
1968	9	323,32
1968	10	323,33
1968	11	323,25
1968	12	323,68
1969	1	323,96
1969	2	323,77
1969	3	324,32
1969	4	324,28
1969	5	324,48
1969	6	324,51
1969	7	325,18
1969	8	324,97
1969	9	325,37
1969	10	324,88
1969	11	324,79
1969	12	324,91
1970	1	325,02
1970	2	325,33
1970	3	325,61
1970	4	325,74
1970	5	325,16
1970	6	325,46
1970	7	325,64
1970	8	326
1970	9	326,1
1970	10	326,18
1970	11	325,95
1970	12	325,93
1971	1	326,13
1971	2	326,03
1971	3	325,85
1971	4	325,38
1971	5	326
1971	6	326,36
1971	7	326,65
1971	8	326,75
1971	9	326,37
1971	10	326,68
1971	11	326,75
1971	12	326,81
1972	1	326,73
1972	2	326,98
1972	3	326,4
1972	4	327,29
1972	5	327,13
1972	6	326,89
1972	7	327,36
1972	8	327,67
1972	9	327,87
1972	10	328,33
1972	11	328,45
1972	12	328,35
1973	1	328,5
1973	2	328,9
1973	3	328,97
1973	4	329,08
1973	5	329,53
1973	6	329,84
1973	7	330,16
1973	8	330,64
1973	9	330,55
1973	10	330,32
1973	11	330,13
1973	12	329,44
1974	1	329,31
1974	2	330,05
1974	3	330,14
1974	4	330,22
1974	5	330,13
1974	6	330,01
1974	7	330,46
1974	8	330,73
1974	9	330,48
1974	10	330,52
1974	11	330,43
1974	12	330,38
1975	1	330,36
1975	2	330,74
1975	3	330,69
1975	4	330,87
1975	5	331
1975	6	331,36
1975	7	331,19
1975	8	331,39
1975	9	331,61
1975	10	331,5
1975	11	331,47
1975	12	331,57
1976	1	331,7
1976	2	331,9
1976	3	332,12
1976	4	332,12
1976	5	331,9
1976	6	332,1
1976	7	332,36
1976	8	332,31
1976	9	332,38
1976	10	332,11
1976	11	332,29
1976	12	332,49
1977	1	332,88
1977	2	332,75
1977	3	333,35
1977	4	333,62
1977	5	333,76
1977	6	334,01
1977	7	334,2
1977	8	334,1
1977	9	334,67
1977	10	334,35
1977	11	334,4
1977	12	334,66
1978	1	334,93
1978	2	334,72
1978	3	335,28
1978	4	335,3
1978	5	335,02
1978	6	335,63
1978	7	335,82
1978	8	336,03
1978	9	335,85
1978	10	335,74
1978	11	335,92
1978	12	335,77
1979	1	336,18
1979	2	336,09
1979	3	336,6
1979	4	336,41
1979	5	336,47
1979	6	337,01
1979	7	337,01
1979	8	337,44
1979	9	337,01
1979	10	337,07
1979	11	337,3
1979	12	337,55
1980	1	337,97
1980	2	337,69
1980	3	338,68
1980	4	338,26
1980	5	338,45
1980	6	338,91
1980	7	338,86
1980	8	338,99
1980	9	339
1980	10	339,23
1980	11	339,11
1980	12	339,03
1981	1	339,19
1981	2	339,8
1981	3	340,01
1981	4	340,02
1981	5	339,89
1981	6	339,96
1981	7	339,76
1981	8	339,8
1981	9	339,81
1981	10	340,08
1981	11	340,38
1981	12	340,44
1982	1	340,71
1982	2	340,94
1982	3	341,32
1982	4	341,08
1982	5	341,1
1982	6	341,05
1982	7	341,32
1982	8	341,18
1982	9	341,1
1982	10	341,1
1982	11	341,29
1982	12	341,32
1983	1	341,33
1983	2	341,84
1983	3	341,72
1983	4	342,44
1983	5	342,71
1983	6	343,01
1983	7	343,25
1983	8	343,75
1983	9	343
1983	10	343,24
1983	11	343,19
1983	12	343,82
1984	1	343,65
1984	2	343,83
1984	3	343,87
1984	4	344,52
1984	5	344,38
1984	6	344,51
1984	7	344,69
1984	8	344,68
1984	9	344,23
1984	10	344,6
1984	11	345,01
1984	12	345,05
1985	1	344,92
1985	2	345,31
1985	3	346,04
1985	4	345,83
1985	5	345,86
1985	6	345,93
1985	7	345,82
1985	8	346,06
1985	9	346,24
1985	10	346,07
1985	11	346,29
1985	12	346,39
1986	1	346,25
1986	2	346,27
1986	3	346,46
1986	4	347,03
1986	5	347,14
1986	6	347,23
1986	7	347,2
1986	8	347,29
1986	9	348,02
1986	10	347,45
1986	11	347,71
1986	12	347,74
1987	1	347,98
1987	2	347,79
1987	3	348,02
1987	4	348,45
1987	5	348,76
1987	6	348,92
1987	7	348,77
1987	8	349,49
1987	9	349,62
1987	10	349,65
1987	11	349,87
1987	12	349,81
1988	1	350,39
1988	2	351,04
1988	3	350,79
1988	4	351,02
1988	5	351,12
1988	6	351,48
1988	7	351,66
1988	8	351,85
1988	9	351,92
1988	10	352,18
1988	11	352,13
1988	12	352,18
1989	1	352,71
1989	2	352,38
1989	3	352,27
1989	4	352,87
1989	5	352,56
1989	6	352,77
1989	7	353,15
1989	8	353,07
1989	9	353
1989	10	353,3
1989	11	353,37
1989	12	353,37
1990	1	353,62
1990	2	354
1990	3	353,98
1990	4	353,64
1990	5	354,04
1990	6	353,87
1990	7	354,06
1990	8	354,31
1990	9	354,17
1990	10	354,5
1990	11	354,91
1990	12	355,06
1991	1	354,68
1991	2	355,05
1991	3	355,74
1991	4	356,03
1991	5	356,21
1991	6	355,88
1991	7	355,42
1991	8	355,42
1991	9	355,37
1991	10	355,55
1991	11	355,83
1991	12	355,84
1992	1	355,94
1992	2	356,02
1992	3	356,36
1992	4	356,55
1992	5	356,53
1992	6	356,9
1992	7	356,3
1992	8	356,44
1992	9	356,25
1992	10	356,64
1992	11	356,25
1992	12	356,25
1993	1	356,66
1993	2	356,46
1993	3	356,95
1993	4	356,88
1993	5	357,13
1993	6	357,21
1993	7	356,81
1993	8	356,94
1993	9	356,93
1993	10	357,34
1993	11	357,44
1993	12	357,66
1994	1	358,32
1994	2	358,21
1994	3	358,54
1994	4	358,67
1994	5	358,53
1994	6	358,56
1994	7	358,79
1994	8	358,9
1994	9	359,09
1994	10	359,36
1994	11	359,69
1994	12	359,9
1995	1	359,92
1995	2	360,3
1995	3	360,2
1995	4	360,85
1995	5	360,63
1995	6	360,87
1995	7	361,13
1995	8	360,88
1995	9	361,31
1995	10	361,13
1995	11	361,68
1995	12	361,56
1996	1	362
1996	2	362,54
1996	3	362,56
1996	4	362,08
1996	5	362,24
1996	6	362,59
1996	7	362,91
1996	8	362,94
1996	9	362,73
1996	10	362,99
1996	11	362,87
1996	12	363,19
1997	1	363,14
1997	2	363,28
1997	3	363,12
1997	4	363,74
1997	5	363,61
1997	6	363,22
1997	7	363,7
1997	8	363,94
1997	9	363,47
1997	10	364,17
1997	11	364,56
1997	12	365,14
1998	1	365,28
1998	2	365,44
1998	3	365,87
1998	4	365,99
1998	5	366,11
1998	6	366,46
1998	7	366,87
1998	8	367,22
1998	9	367,19
1998	10	367,64
1998	11	367,59
1998	12	367,84
1999	1	368,1
1999	2	368,16
1999	3	368,14
1999	4	368,51
1999	5	367,8
1999	6	367,93
1999	7	368,49
1999	8	368,37
1999	9	367,94
1999	10	368,55
1999	11	368,81
1999	12	368,88
2000	1	369,09
2000	2	368,75
2000	3	369,03
2000	4	369
2000	5	368,61
2000	6	369,28
2000	7	369,37
2000	8	369,6
2000	9	369,94
2000	10	370,15
2000	11	370,43
2000	12	370,4
2001	1	370,23
2001	2	370,78
2001	3	370,66
2001	4	370,21
2001	5	370,79
2001	6	370,87
2001	7	370,84
2001	8	371
2001	9	371,28
2001	10	371,53
2001	11	371,83
2001	12	372,12
2002	1	372,39
2002	2	372,36
2002	3	372,05
2002	4	372,2
2002	5	372,31
2002	6	372,95
2002	7	373,24
2002	8	372,94
2002	9	374,03
2002	10	373,7
2002	11	374,24
2002	12	374,66
2003	1	374,63
2003	2	374,9
2003	3	374,64
2003	4	374,99
2003	5	375,11
2003	6	375,67
2003	7	375,82
2003	8	375,95
2003	9	376,32
2003	10	376,46
2003	11	376,51
2003	12	376,57
2004	1	376,74
2004	2	376,64
2004	3	376,89
2004	4	377,8
2004	5	377,36
2004	6	377,11
2004	7	377,01
2004	8	377,33
2004	9	377,41
2004	10	377,69
2004	11	378,01
2004	12	378,33
2005	1	378,29
2005	2	378,88
2005	3	378,61
2005	4	379,37
2005	5	378,97
2005	6	379,61
2005	7	379,88
2005	8	380,14
2005	9	379,78
2005	10	380,28
2005	11	380,49
2005	12	380,85
2006	1	381,32
2006	2	381,29
2006	3	381,08
2006	4	381,68
2006	5	381,64
2006	6	381,55
2006	7	381,49
2006	8	381,95
2006	9	382,18
2006	10	382,55
2006	11	382,33
2006	12	382,55
2007	1	382,53
2007	2	382,98
2007	3	382,85
2007	4	383,53
2007	5	383,13
2007	6	383,39
2007	7	383,65
2007	8	383,32
2007	9	384,25
2007	10	384,36
2007	11	384,55
2007	12	384,51
2008	1	385,02
2008	2	385,11
2008	3	384,31
2008	4	384,04
2008	5	385,22
2008	6	385,58
2008	7	385,49
2008	8	385,6
2008	9	386,49
2008	10	386,28
2008	11	386,2
2008	12	386,01
2009	1	386,61
2009	2	386,39
2009	3	387,02
2009	4	386,86
2009	5	386,86
2009	6	387,12
2009	7	387,27
2009	8	387,57
2009	9	388,06
2009	10	387,85
2009	11	388,25
2009	12	388,39
2010	1	388,5
2010	2	389,34
2010	3	389,51
2010	4	389,66
2010	5	389,9
2010	6	389,73
2010	7	389,53
2010	8	390,01
2010	9	390,25
2010	10	390,7
2010	11	390,88
2010	12	390,71
2011	1	391,25
2011	2	391,18
2011	3	390,95
2011	4	390,64
2011	5	390,96
2011	6	391,18
2011	7	391,79
2011	8	391,71
2011	9	392,43
2011	10	392,48
2011	11	392,46
2011	12	392,71
2012	1	393,02
2012	2	392,61
2012	3	392,82
2012	4	393,66
2012	5	393,53
2012	6	393,38
2012	7	393,75
2012	8	394,07
2012	9	394,57
2012	10	394,56
2012	11	395,17
2012	12	395,24
2013	1	395,55
2013	2	396,1
2013	3	395,75
2013	4	395,61
2013	5	396,63
2013	6	396,34
2013	7	396,56
2013	8	396,92
2013	9	396,84
2013	10	397,26
2013	11	397,43
2013	12	397,73
2014	1	397,87
2014	2	397,35
2014	3	397,95
2014	4	398,57
2014	5	398,52
2014	6	398,77
2014	7	398,26
2014	8	398,72
2014	9	398,86
2014	10	399,23
2014	11	399,46
2014	12	399,7
2015	1	399,8
2015	2	399,56
2015	3	399,99
2015	4	400,69
2015	5	400,74
2015	6	400,33
2015	7	400,8
2015	8	400,51
2015	9	400,96
2015	10	401,87
2015	11	402,49
2015	12	402,81
2016	1	402,6
2016	2	403,41
2016	3	403,3
2016	4	404,77
2016	5	404,28
2016	6	404,48
2016	7	403,72
2016	8	403,79
2016	9	404,5
2016	10	405,09
2016	11	405,88
2016	12	405,47
2017	1	406,02
2017	2	405,89
2017	3	405,52
2017	4	406,17
2017	5	406,52
2017	6	406,55
2017	7	406,38
2017	8	406,76
2017	9	406,75
2017	10	407,25
2017	11	407,43
2017	12	407,68
2018	1	408
2018	2	407,59
2018	3	407,72
2018	4	407,52
2018	5	407,91
2018	6	408,31
2018	7	408,08
2018	8	408,63
2018	9	409,08
2018	10	409,61
2018	11	410,38
2018	12	410,15
2019	1	410,87
2019	2	410,9
2019	3	410,46
2019	4	410,72
2019	5	411,42
2019	6	411,38
2019	7	411,03
2019	8	411,62
2019	9	412,06
2019	10	412,06
2019	11	412,56
2019	12	412,78
2020	1	413,32
2020	2	413,33
2020	3	412,94
2020	4	413,35
2020	5	413,75
	
